2.810911882797650918e-02 1.997620360227301717e+01 -9.703736318184029130e+01 4.027501934419839419e-03 -2.023169509694999757e-03 2.412605135807617280e-03 -9.999869325895021088e-01 3.241851231905457098e-14 1.999999999999998934e+01 -9.733333333333334281e+01 -1.080629903725286947e-16 8.137447369582145783e-18 4.894256687337797261e-17 1.000000000000000000e+00
-1.790748950261642847e+01 2.139043782837688923e+01 -9.429271715792721409e+01 -2.266373747193463351e-02 -1.405863993980844273e-01 -2.346707287915363385e-02 -9.895307553575937165e-01 -1.903727889170962584e+01 2.017154033391459933e+01 -9.486242395784547909e+01 2.844473619514100316e-03 1.606288791778329450e-01 1.136682733890280808e-02 9.869453310966491699e-01
-2.531508941852577976e+01 1.997113458448438905e+01 -9.308318291822772039e+01 -4.970988141610906130e-03 -1.666580448148863580e-01 -2.061844779370525238e-02 -9.857866224421760748e-01 -2.138442462181507864e+01 2.004412749460864518e+01 -9.448863634038748671e+01 4.379835317037839015e-03 1.430935702277542354e-01 1.639219108053762905e-02 9.895637035369873047e-01
4.210004411065532537e+01 2.187736644875258207e+01 -8.435429046183109847e+01 -2.010822613253314406e-02 3.453005481497342100e-01 -5.383441907149568578e-02 -9.367310425156896159e-01 4.677396999482235174e+01 2.136437929318733708e+01 -8.087687448244770394e+01 2.182207191755073869e-02 -4.131385522443110081e-01 -3.423235511478251586e-02 9.097628593444824219e-01
-7.541340613488678457e-01 3.073502562940120697e+01 -9.128111529447907913e+01 -1.547587854392737106e-01 -1.333900248956632062e-02 1.471991791788954465e-02 -9.877525567460886391e-01 1.221608976798714830e-01 3.215663187734574535e+01 -9.091884601899093354e+01 1.617085744533817704e-01 -1.017776528449171975e-03 -1.009586871898100627e-03 9.868375062942504883e-01
-2.751304659454928725e+01 3.176412776112556458e+01 -8.543697208140667954e+01 -1.674323980642553333e-01 -2.132762014038840637e-01 -9.038331384178382999e-02 -9.582851927125661806e-01 -2.959722172444412891e+01 3.138288033030277546e+01 -8.451093560559017703e+01 1.649428376025458276e-01 2.622529887160919282e-01 3.627351060976467811e-02 9.501060247421264648e-01
2.498192007314019847e+01 3.045556366443634033e+01 -8.643497881786404946e+01 -2.093895067010375088e-01 2.020033718988956672e-01 -4.027673296957551274e-03 -9.567311273669240057e-01 2.668308713792647069e+01 3.184573431652583864e+01 -8.567852370254094296e+01 1.663025970527618469e-01 -2.348904228239716008e-01 -3.519837782676252941e-02 9.570428729057312012e-01
-9.294672842560078863e-01 4.045260183513164520e+01 -8.261745114465978190e+01 -3.130156772179784053e-01 -1.409795947718409104e-02 -8.112237081611066436e-03 -9.496086693811728319e-01 4.236286090150084283e-01 4.354214377626389165e+01 -8.040981547543640318e+01 3.474994246879370419e-01 -3.500609251731367968e-03 -3.607247324183880752e-03 9.376667141914367676e-01
-1.720325710100805594e+01 4.181406691670417786e+01 -7.947127008714421947e+01 -3.216257548906527042e-01 -1.493957361924307947e-01 -4.463760505850417754e-02 -9.339407218946931266e-01 -2.038153645234304534e+01 4.247486818212490789e+01 -7.736907400604640372e+01 3.459207619970051106e-01 1.884159473071106983e-01 3.518569937637518880e-02 9.184771180152893066e-01
2.514484840029472323e+01 4.362548559904098511e+01 -7.539114889359905192e+01 -2.927803718712762571e-01 2.632667474840811317e-01 3.198282857125474277e-02 -9.186660830751575135e-01 2.054540129830047945e+01 4.279259501712034108e+01 -7.716616588020093559e+01 3.482300258372416635e-01 -1.886367021102207109e-01 -4.220381754209841241e-02 9.172627329826354980e-01
-1.252513319192014585e+00 4.728419750928878784e+01 -7.211922041200458011e+01 -4.947647836692722900e-01 -5.342853319289427028e-02 5.041691310476102694e-02 -8.659164714650836592e-01 7.614875941127561276e-01 5.027975344446554828e+01 -6.959849053500524008e+01 4.992558101267730586e-01 -6.305305290218985760e-03 -7.177684799726778871e-03 8.664019703865051270e-01
